0.102776	0.527895	
0.920312	1.368790	
1.831282	2.289102	
2.644147	3.064594	
3.461683	3.891474	
4.363309	4.783756	
5.138801	5.582606	
5.937651	6.376785	
6.764530	7.194321	
7.591410	8.035216	
8.432305	8.876110	
9.287214	9.698319	
10.058035	10.492497	
10.926959	11.324048	
11.791212	12.192973	
12.627435	13.029196	
13.477673	13.912135	
14.374627	14.846463	
15.257567	15.687357	
16.103133	16.598326	
17.028117	17.504624	
17.873683	18.345519	
18.709906	19.181742	
19.569488	20.022636	
20.382352	20.835501	
21.227919	21.699754	
22.143560	22.596708	
23.087230	23.507678	
24.077617	24.498065	
25.082019	25.460422	
25.955615	26.385406	
26.922644	27.329077	
27.847628	28.235374	
28.688523	29.113642	
10.230349	16.913952
29.501388	29.940522	
35.956486	46.233261
30.295566	30.730029	
26.260651	46.233261
31.145804	31.580266	
40.772354	55.826130
32.047430	32.467878	
38.288780	63.303291
32.902340	33.322787	
55.826130	76.437981
33.785279	34.201055	
55.826130	63.303291
34.602816	35.018591	
49.232147	55.826130
35.392322	35.822113	
26.260651	71.781876
36.214530	36.648993	
33.766247	67.409401
37.078783	37.466529	
35.956486	63.303291
37.868290	38.298081	
26.260651	40.772354
38.681155	39.120289	
10.230349	16.913952
39.550079	39.979870	
14.916140	26.260651
40.358273	40.783391	
23.158842	40.772354
41.189824	41.600928	
24.661024	31.709435
42.054077	42.460509	
16.913952	26.260651
42.866942	43.278046	
29.777905	33.766247
43.656448	44.090911	
20.423403	46.233261
44.488000	44.917790	
21.748158	31.709435
45.291521	45.707297	
10.893932	24.661024
46.085700	46.496804	
9.021978	16.913952
46.884549	47.300325	
15.883669	27.964029
47.669385	48.075817	
21.748158	24.661024
48.430861	48.855980	
13.154299	23.158842
49.239055	49.664174	
12.353028	23.158842
50.093964	50.519083	
12.353028	20.423403
50.850769	51.252530	
15.883669	43.417034
51.654291	52.042037	
16.913952	40.772354
52.443798	52.854902	
15.883669	43.417034
53.980766	54.387199	
23.158842	59.447269
54.802974	55.200063	
10.893932	31.709435
55.648541	56.040958	
7.471689	26.260651
56.461405	56.863166	
35.956486	55.826130
57.246240	57.652673	
18.011063	38.288780
58.003046	58.423493	
11.600566	21.748158
58.736493	59.133582	
9.021978	21.748158
59.497970	59.899730	
26.260651	31.709435
60.273461	60.679894	
15.883669	29.777905
61.006908	61.418012	
14.916140	20.423403
61.805758	62.216862	
10.230349	20.423403
62.651325	63.048414	
14.007546	26.260651
63.422145	63.809891	
9.021978	33.766247
64.197636	64.608740	
5.124515	14.916140
64.977800	65.398247	
10.893932	55.826130
65.743948	66.131694	
9.021978	29.777905
66.533455	66.916529	
3.099546	10.230349
67.346320	67.748081	
29.777905	29.777905
68.159185	68.560945	
24.661024	38.288780
69.065482	69.467243	
38.288780	49.232147
69.990466	70.387556	
29.777905	55.826130
70.864062	71.251808	
29.777905	43.417034
71.784375	72.200151	
19.179348	29.777905
72.695344	73.092433	
40.772354	49.232147
73.531567	73.947343	
38.288780	59.447269
74.437865	74.858312	
43.417034	63.303291
75.362849	75.764610	
52.425571	67.409401
76.185057	76.591490	
18.011063	43.417034
77.011937	77.409026	
24.661024	38.288780
77.778085	78.203204	
40.772354	43.417034
78.530219	78.950666	
11.600566	26.260651
79.389800	79.805576	
8.472419	18.011063
80.338142	80.744575	
6.187793	14.916140
82.085335	82.482424	
14.007546	35.956486
82.963602	83.365363	
6.187793	27.964029
83.781139	84.182900	
10.230349	35.956486
84.617362	85.019123	
15.883669	33.766247
85.472272	85.864689	
6.187793	24.661024
86.280465	86.672882	
15.883669	29.777905
87.098001	87.499762	
13.154299	35.956486
87.929553	88.335985	
13.154299	35.956486
88.705044	89.120820	
12.353028	40.772354
89.485208	89.877625	
9.607185	24.661024
90.204640	90.606401	
9.607185	20.423403
90.989475	91.391236	
10.230349	31.709435
91.975190	92.390966	
10.893932	38.288780
92.867473	93.278577	
20.423403	27.964029
93.755084	94.166188	
13.154299	31.709435
94.675397	95.067814	
9.607185	24.661024
95.511620	95.908709	
13.154299	26.260651
96.389887	96.805663	
14.007546	29.777905
97.347573	97.754005	
13.154299	18.011063
98.216497	98.599572	
5.810873	11.600566
99.127467	99.538571	
7.956336	46.233261
100.047779	100.454212	
7.471689	29.777905
100.869987	101.271748	
15.883669	20.423403
101.720225	102.136001	
9.607185	35.956486
102.696597	103.107701	
12.353028	52.425571
103.570194	104.004656	
7.471689	40.772354
104.481163	104.882924	
4.812364	23.158842
105.466878	105.891997	
9.607185	43.417034
106.415220	106.830996	
14.916140	63.303291
107.288817	107.704592	
20.423403	46.233261
108.176428	108.582860	
14.916140	40.772354
109.050024	109.442441	
12.353028	43.417034
109.816172	110.241291	
5.810873	49.232147
110.633709	111.040141	
5.456913	52.425571
111.483947	111.871693	
16.913952	49.232147
112.278125	112.684557	
26.260651	59.447269
113.142378	113.534795	
27.964029	31.709435
114.048675	114.441093	
27.964029	55.826130
114.940958	115.380092	
18.011063	46.233261
115.814554	116.216315	
23.158842	35.956486
116.632091	117.085240	
21.748158	35.956486
117.402911	117.800000	
16.913952	35.956486
